{
 "cells": [
  {
   "cell_type": "code",
   "execution_count": 2,
   "id": "3b9a2736",
   "metadata": {},
   "outputs": [],
   "source": [
    "import pandas as pd\n",
    "import numpy as np\n",
    "import random\n",
    "import seaborn as sns\n",
    "import matplotlib.pyplot as plt\n",
    "import scipy\n",
    "import seaborn\n",
    "import powerlaw\n",
    "from scipy import stats\n",
    "\n",
    "import matplotlib.pyplot as plt\n",
    "import numpy as np\n",
    "from sklearn import linear_model\n",
    "from scipy.stats import norm\n",
    "\n",
    "import matplotlib as mpl\n",
    "from scipy.stats import kstest"
   ]
  },
  {
   "cell_type": "markdown",
   "id": "d7cf3818",
   "metadata": {},
   "source": [
    "# Blogs"
   ]
  },
  {
   "cell_type": "code",
   "execution_count": 3,
   "id": "e720f7d6",
   "metadata": {},
   "outputs": [],
   "source": [
    "path2 = r'E:\\netData\\complexNetdataset\\blogs-data.csv'\n",
    "df = pd.read_csv(path2)"
   ]
  },
  {
   "cell_type": "code",
   "execution_count": 7,
   "id": "4e4c6c5b",
   "metadata": {},
   "outputs": [],
   "source": [
    "ff = df[['D', '2stepD','CD','degree','h-index','pagerank']]\n",
    "ff.index = range(len(ff))"
   ]
  },
  {
   "cell_type": "markdown",
   "id": "32252a8a",
   "metadata": {},
   "source": [
    "# top10%"
   ]
  },
  {
   "cell_type": "code",
   "execution_count": 8,
   "id": "7c4c8a3c",
   "metadata": {},
   "outputs": [
    {
     "data": {
      "text/html": [
       "<div>\n",
       "<style scoped>\n",
       "    .dataframe tbody tr th:only-of-type {\n",
       "        vertical-align: middle;\n",
       "    }\n",
       "\n",
       "    .dataframe tbody tr th {\n",
       "        vertical-align: top;\n",
       "    }\n",
       "\n",
       "    .dataframe thead th {\n",
       "        text-align: right;\n",
       "    }\n",
       "</style>\n",
       "<table border=\"1\" class=\"dataframe\">\n",
       "  <thead>\n",
       "    <tr style=\"text-align: right;\">\n",
       "      <th></th>\n",
       "      <th>D</th>\n",
       "      <th>2stepD</th>\n",
       "      <th>CD</th>\n",
       "      <th>degree</th>\n",
       "      <th>h-index</th>\n",
       "      <th>pagerank</th>\n",
       "    </tr>\n",
       "  </thead>\n",
       "  <tbody>\n",
       "    <tr>\n",
       "      <th>D</th>\n",
       "      <td>1.000000</td>\n",
       "      <td>0.674797</td>\n",
       "      <td>0.796748</td>\n",
       "      <td>0.008130</td>\n",
       "      <td>0.008130</td>\n",
       "      <td>0.008130</td>\n",
       "    </tr>\n",
       "    <tr>\n",
       "      <th>2stepD</th>\n",
       "      <td>0.674797</td>\n",
       "      <td>1.000000</td>\n",
       "      <td>0.634146</td>\n",
       "      <td>0.008130</td>\n",
       "      <td>0.008130</td>\n",
       "      <td>0.016260</td>\n",
       "    </tr>\n",
       "    <tr>\n",
       "      <th>CD</th>\n",
       "      <td>0.796748</td>\n",
       "      <td>0.634146</td>\n",
       "      <td>1.000000</td>\n",
       "      <td>0.008130</td>\n",
       "      <td>0.008130</td>\n",
       "      <td>0.008130</td>\n",
       "    </tr>\n",
       "    <tr>\n",
       "      <th>degree</th>\n",
       "      <td>0.008130</td>\n",
       "      <td>0.008130</td>\n",
       "      <td>0.008130</td>\n",
       "      <td>1.000000</td>\n",
       "      <td>0.813008</td>\n",
       "      <td>0.439024</td>\n",
       "    </tr>\n",
       "    <tr>\n",
       "      <th>h-index</th>\n",
       "      <td>0.008130</td>\n",
       "      <td>0.008130</td>\n",
       "      <td>0.008130</td>\n",
       "      <td>0.813008</td>\n",
       "      <td>1.000000</td>\n",
       "      <td>0.382114</td>\n",
       "    </tr>\n",
       "    <tr>\n",
       "      <th>pagerank</th>\n",
       "      <td>0.008130</td>\n",
       "      <td>0.016260</td>\n",
       "      <td>0.008130</td>\n",
       "      <td>0.439024</td>\n",
       "      <td>0.382114</td>\n",
       "      <td>1.000000</td>\n",
       "    </tr>\n",
       "  </tbody>\n",
       "</table>\n",
       "</div>"
      ],
      "text/plain": [
       "                 D    2stepD        CD    degree   h-index  pagerank\n",
       "D         1.000000  0.674797  0.796748  0.008130  0.008130  0.008130\n",
       "2stepD    0.674797  1.000000  0.634146  0.008130  0.008130  0.016260\n",
       "CD        0.796748  0.634146  1.000000  0.008130  0.008130  0.008130\n",
       "degree    0.008130  0.008130  0.008130  1.000000  0.813008  0.439024\n",
       "h-index   0.008130  0.008130  0.008130  0.813008  1.000000  0.382114\n",
       "pagerank  0.008130  0.016260  0.008130  0.439024  0.382114  1.000000"
      ]
     },
     "execution_count": 8,
     "metadata": {},
     "output_type": "execute_result"
    }
   ],
   "source": [
    "t10 = int(np.ceil(len(ff)*0.1))\n",
    "\n",
    "D = ff.sort_values('D',ascending = False).index[:t10]\n",
    "D2 = ff.sort_values('2stepD',ascending = False).index[:t10]\n",
    "CD = ff.sort_values('CD',ascending = False).index[:t10]\n",
    "degree = ff.sort_values('degree',ascending = False).index[:t10]\n",
    "hindex = ff.sort_values('h-index',ascending = False).index[:t10]\n",
    "pagerank = ff.sort_values('pagerank',ascending = False).index[:t10]\n",
    "\n",
    "# sorted(ff['DIO'].values)[734:]\n",
    "def cal_overlap(D,G):\n",
    "    x = 0\n",
    "    for i in D:\n",
    "        if i in G:\n",
    "            x += 1\n",
    "    return x/len(D)\n",
    "\n",
    "matrix = np.zeros([6,6])\n",
    "lst = [D,D2,CD,degree,hindex,pagerank]\n",
    "\n",
    "for i in range(6):\n",
    "    for j in range(6):\n",
    "        matrix[i,j]=cal_overlap(lst[i],lst[j])\n",
    "\n",
    "f1 =pd.DataFrame(matrix , columns=ff.columns, index=ff.columns)\n",
    "\n",
    "f1"
   ]
  },
  {
   "cell_type": "code",
   "execution_count": 10,
   "id": "0b9c6270",
   "metadata": {},
   "outputs": [],
   "source": [
    "f1.to_csv(r'E:\\netData\\complexNetdataset\\bubbleMatrixData\\Blogstopp10.csv')"
   ]
  },
  {
   "cell_type": "code",
   "execution_count": 11,
   "id": "26ec39b8",
   "metadata": {},
   "outputs": [
    {
     "data": {
      "text/html": [
       "<div>\n",
       "<style scoped>\n",
       "    .dataframe tbody tr th:only-of-type {\n",
       "        vertical-align: middle;\n",
       "    }\n",
       "\n",
       "    .dataframe tbody tr th {\n",
       "        vertical-align: top;\n",
       "    }\n",
       "\n",
       "    .dataframe thead th {\n",
       "        text-align: right;\n",
       "    }\n",
       "</style>\n",
       "<table border=\"1\" class=\"dataframe\">\n",
       "  <thead>\n",
       "    <tr style=\"text-align: right;\">\n",
       "      <th></th>\n",
       "      <th>D</th>\n",
       "      <th>2stepD</th>\n",
       "      <th>CD</th>\n",
       "      <th>degree</th>\n",
       "      <th>h-index</th>\n",
       "      <th>pagerank</th>\n",
       "    </tr>\n",
       "  </thead>\n",
       "  <tbody>\n",
       "    <tr>\n",
       "      <th>D</th>\n",
       "      <td>1.000000</td>\n",
       "      <td>0.836957</td>\n",
       "      <td>0.855978</td>\n",
       "      <td>0.095109</td>\n",
       "      <td>0.114130</td>\n",
       "      <td>0.220109</td>\n",
       "    </tr>\n",
       "    <tr>\n",
       "      <th>2stepD</th>\n",
       "      <td>0.836957</td>\n",
       "      <td>1.000000</td>\n",
       "      <td>0.875000</td>\n",
       "      <td>0.084239</td>\n",
       "      <td>0.086957</td>\n",
       "      <td>0.209239</td>\n",
       "    </tr>\n",
       "    <tr>\n",
       "      <th>CD</th>\n",
       "      <td>0.855978</td>\n",
       "      <td>0.875000</td>\n",
       "      <td>1.000000</td>\n",
       "      <td>0.029891</td>\n",
       "      <td>0.046196</td>\n",
       "      <td>0.135870</td>\n",
       "    </tr>\n",
       "    <tr>\n",
       "      <th>degree</th>\n",
       "      <td>0.095109</td>\n",
       "      <td>0.084239</td>\n",
       "      <td>0.029891</td>\n",
       "      <td>1.000000</td>\n",
       "      <td>0.942935</td>\n",
       "      <td>0.630435</td>\n",
       "    </tr>\n",
       "    <tr>\n",
       "      <th>h-index</th>\n",
       "      <td>0.114130</td>\n",
       "      <td>0.086957</td>\n",
       "      <td>0.046196</td>\n",
       "      <td>0.942935</td>\n",
       "      <td>1.000000</td>\n",
       "      <td>0.635870</td>\n",
       "    </tr>\n",
       "    <tr>\n",
       "      <th>pagerank</th>\n",
       "      <td>0.220109</td>\n",
       "      <td>0.209239</td>\n",
       "      <td>0.135870</td>\n",
       "      <td>0.630435</td>\n",
       "      <td>0.635870</td>\n",
       "      <td>1.000000</td>\n",
       "    </tr>\n",
       "  </tbody>\n",
       "</table>\n",
       "</div>"
      ],
      "text/plain": [
       "                 D    2stepD        CD    degree   h-index  pagerank\n",
       "D         1.000000  0.836957  0.855978  0.095109  0.114130  0.220109\n",
       "2stepD    0.836957  1.000000  0.875000  0.084239  0.086957  0.209239\n",
       "CD        0.855978  0.875000  1.000000  0.029891  0.046196  0.135870\n",
       "degree    0.095109  0.084239  0.029891  1.000000  0.942935  0.630435\n",
       "h-index   0.114130  0.086957  0.046196  0.942935  1.000000  0.635870\n",
       "pagerank  0.220109  0.209239  0.135870  0.630435  0.635870  1.000000"
      ]
     },
     "execution_count": 11,
     "metadata": {},
     "output_type": "execute_result"
    }
   ],
   "source": [
    "t30 = int(np.ceil(len(ff)*0.3))\n",
    "\n",
    "D = ff.sort_values('D',ascending = False).index[:t30]\n",
    "D2 = ff.sort_values('2stepD',ascending = False).index[:t30]\n",
    "CD = ff.sort_values('CD',ascending = False).index[:t30]\n",
    "degree = ff.sort_values('degree',ascending = False).index[:t30]\n",
    "hindex = ff.sort_values('h-index',ascending = False).index[:t30]\n",
    "pagerank = ff.sort_values('pagerank',ascending = False).index[:t30]\n",
    "\n",
    "def cal_overlap(D,G):\n",
    "    x = 0\n",
    "    for i in D:\n",
    "        if i in G:\n",
    "            x += 1\n",
    "    return x/len(D)\n",
    "\n",
    "matrix = np.zeros([6,6])\n",
    "lst = [D,D2,CD,degree,hindex,pagerank]\n",
    "\n",
    "for i in range(6):\n",
    "    for j in range(6):\n",
    "        matrix[i,j]=cal_overlap(lst[i],lst[j])\n",
    "\n",
    "f1 =pd.DataFrame(matrix , columns=ff.columns, index=ff.columns)\n",
    "f1"
   ]
  },
  {
   "cell_type": "code",
   "execution_count": 12,
   "id": "d9c9c48d",
   "metadata": {},
   "outputs": [],
   "source": [
    "f1.to_csv(r'E:\\netData\\complexNetdataset\\bubbleMatrixData\\Blogstopp30.csv')"
   ]
  },
  {
   "cell_type": "code",
   "execution_count": null,
   "id": "872be822",
   "metadata": {},
   "outputs": [],
   "source": []
  },
  {
   "cell_type": "markdown",
   "id": "8840b675",
   "metadata": {},
   "source": [
    "# Email"
   ]
  },
  {
   "cell_type": "code",
   "execution_count": 13,
   "id": "4e7e5cca",
   "metadata": {},
   "outputs": [],
   "source": [
    "path2 = r'E:\\netData\\complexNetdataset\\email-data.csv'\n",
    "df = pd.read_csv(path2)"
   ]
  },
  {
   "cell_type": "code",
   "execution_count": 14,
   "id": "5fec8dc2",
   "metadata": {},
   "outputs": [],
   "source": [
    "ff = df[['D', '2stepD','CD','degree','h-index','pagerank']]\n",
    "ff.index = range(len(ff))"
   ]
  },
  {
   "cell_type": "markdown",
   "id": "3b327c02",
   "metadata": {},
   "source": [
    "# top10%"
   ]
  },
  {
   "cell_type": "code",
   "execution_count": 15,
   "id": "3e099229",
   "metadata": {},
   "outputs": [
    {
     "data": {
      "text/html": [
       "<div>\n",
       "<style scoped>\n",
       "    .dataframe tbody tr th:only-of-type {\n",
       "        vertical-align: middle;\n",
       "    }\n",
       "\n",
       "    .dataframe tbody tr th {\n",
       "        vertical-align: top;\n",
       "    }\n",
       "\n",
       "    .dataframe thead th {\n",
       "        text-align: right;\n",
       "    }\n",
       "</style>\n",
       "<table border=\"1\" class=\"dataframe\">\n",
       "  <thead>\n",
       "    <tr style=\"text-align: right;\">\n",
       "      <th></th>\n",
       "      <th>D</th>\n",
       "      <th>2stepD</th>\n",
       "      <th>CD</th>\n",
       "      <th>degree</th>\n",
       "      <th>h-index</th>\n",
       "      <th>pagerank</th>\n",
       "    </tr>\n",
       "  </thead>\n",
       "  <tbody>\n",
       "    <tr>\n",
       "      <th>D</th>\n",
       "      <td>1.000000</td>\n",
       "      <td>0.522167</td>\n",
       "      <td>0.551724</td>\n",
       "      <td>0.039409</td>\n",
       "      <td>0.029557</td>\n",
       "      <td>0.039409</td>\n",
       "    </tr>\n",
       "    <tr>\n",
       "      <th>2stepD</th>\n",
       "      <td>0.522167</td>\n",
       "      <td>1.000000</td>\n",
       "      <td>0.561576</td>\n",
       "      <td>0.024631</td>\n",
       "      <td>0.014778</td>\n",
       "      <td>0.029557</td>\n",
       "    </tr>\n",
       "    <tr>\n",
       "      <th>CD</th>\n",
       "      <td>0.551724</td>\n",
       "      <td>0.561576</td>\n",
       "      <td>1.000000</td>\n",
       "      <td>0.029557</td>\n",
       "      <td>0.029557</td>\n",
       "      <td>0.044335</td>\n",
       "    </tr>\n",
       "    <tr>\n",
       "      <th>degree</th>\n",
       "      <td>0.039409</td>\n",
       "      <td>0.024631</td>\n",
       "      <td>0.029557</td>\n",
       "      <td>1.000000</td>\n",
       "      <td>0.783251</td>\n",
       "      <td>0.665025</td>\n",
       "    </tr>\n",
       "    <tr>\n",
       "      <th>h-index</th>\n",
       "      <td>0.029557</td>\n",
       "      <td>0.014778</td>\n",
       "      <td>0.029557</td>\n",
       "      <td>0.783251</td>\n",
       "      <td>1.000000</td>\n",
       "      <td>0.625616</td>\n",
       "    </tr>\n",
       "    <tr>\n",
       "      <th>pagerank</th>\n",
       "      <td>0.039409</td>\n",
       "      <td>0.029557</td>\n",
       "      <td>0.044335</td>\n",
       "      <td>0.665025</td>\n",
       "      <td>0.625616</td>\n",
       "      <td>1.000000</td>\n",
       "    </tr>\n",
       "  </tbody>\n",
       "</table>\n",
       "</div>"
      ],
      "text/plain": [
       "                 D    2stepD        CD    degree   h-index  pagerank\n",
       "D         1.000000  0.522167  0.551724  0.039409  0.029557  0.039409\n",
       "2stepD    0.522167  1.000000  0.561576  0.024631  0.014778  0.029557\n",
       "CD        0.551724  0.561576  1.000000  0.029557  0.029557  0.044335\n",
       "degree    0.039409  0.024631  0.029557  1.000000  0.783251  0.665025\n",
       "h-index   0.029557  0.014778  0.029557  0.783251  1.000000  0.625616\n",
       "pagerank  0.039409  0.029557  0.044335  0.665025  0.625616  1.000000"
      ]
     },
     "execution_count": 15,
     "metadata": {},
     "output_type": "execute_result"
    }
   ],
   "source": [
    "t10 = int(np.ceil(len(ff)*0.1))\n",
    "\n",
    "D = ff.sort_values('D',ascending = False).index[:t10]\n",
    "D2 = ff.sort_values('2stepD',ascending = False).index[:t10]\n",
    "CD = ff.sort_values('CD',ascending = False).index[:t10]\n",
    "degree = ff.sort_values('degree',ascending = False).index[:t10]\n",
    "hindex = ff.sort_values('h-index',ascending = False).index[:t10]\n",
    "pagerank = ff.sort_values('pagerank',ascending = False).index[:t10]\n",
    "\n",
    "# sorted(ff['DIO'].values)[734:]\n",
    "def cal_overlap(D,G):\n",
    "    x = 0\n",
    "    for i in D:\n",
    "        if i in G:\n",
    "            x += 1\n",
    "    return x/len(D)\n",
    "\n",
    "matrix = np.zeros([6,6])\n",
    "lst = [D,D2,CD,degree,hindex,pagerank]\n",
    "\n",
    "for i in range(6):\n",
    "    for j in range(6):\n",
    "        matrix[i,j]=cal_overlap(lst[i],lst[j])\n",
    "\n",
    "f1 =pd.DataFrame(matrix , columns=ff.columns, index=ff.columns)\n",
    "\n",
    "f1"
   ]
  },
  {
   "cell_type": "code",
   "execution_count": 16,
   "id": "9ee72aa3",
   "metadata": {},
   "outputs": [],
   "source": [
    "f1.to_csv(r'E:\\netData\\complexNetdataset\\bubbleMatrixData\\Emailstopp10.csv')"
   ]
  },
  {
   "cell_type": "code",
   "execution_count": 17,
   "id": "5431910f",
   "metadata": {},
   "outputs": [
    {
     "data": {
      "text/html": [
       "<div>\n",
       "<style scoped>\n",
       "    .dataframe tbody tr th:only-of-type {\n",
       "        vertical-align: middle;\n",
       "    }\n",
       "\n",
       "    .dataframe tbody tr th {\n",
       "        vertical-align: top;\n",
       "    }\n",
       "\n",
       "    .dataframe thead th {\n",
       "        text-align: right;\n",
       "    }\n",
       "</style>\n",
       "<table border=\"1\" class=\"dataframe\">\n",
       "  <thead>\n",
       "    <tr style=\"text-align: right;\">\n",
       "      <th></th>\n",
       "      <th>D</th>\n",
       "      <th>2stepD</th>\n",
       "      <th>CD</th>\n",
       "      <th>degree</th>\n",
       "      <th>h-index</th>\n",
       "      <th>pagerank</th>\n",
       "    </tr>\n",
       "  </thead>\n",
       "  <tbody>\n",
       "    <tr>\n",
       "      <th>D</th>\n",
       "      <td>1.000000</td>\n",
       "      <td>0.970443</td>\n",
       "      <td>0.954023</td>\n",
       "      <td>0.195402</td>\n",
       "      <td>0.188834</td>\n",
       "      <td>0.366174</td>\n",
       "    </tr>\n",
       "    <tr>\n",
       "      <th>2stepD</th>\n",
       "      <td>0.970443</td>\n",
       "      <td>1.000000</td>\n",
       "      <td>0.963875</td>\n",
       "      <td>0.198686</td>\n",
       "      <td>0.172414</td>\n",
       "      <td>0.356322</td>\n",
       "    </tr>\n",
       "    <tr>\n",
       "      <th>CD</th>\n",
       "      <td>0.954023</td>\n",
       "      <td>0.963875</td>\n",
       "      <td>1.000000</td>\n",
       "      <td>0.183908</td>\n",
       "      <td>0.172414</td>\n",
       "      <td>0.349754</td>\n",
       "    </tr>\n",
       "    <tr>\n",
       "      <th>degree</th>\n",
       "      <td>0.195402</td>\n",
       "      <td>0.198686</td>\n",
       "      <td>0.183908</td>\n",
       "      <td>1.000000</td>\n",
       "      <td>0.753695</td>\n",
       "      <td>0.683087</td>\n",
       "    </tr>\n",
       "    <tr>\n",
       "      <th>h-index</th>\n",
       "      <td>0.188834</td>\n",
       "      <td>0.172414</td>\n",
       "      <td>0.172414</td>\n",
       "      <td>0.753695</td>\n",
       "      <td>1.000000</td>\n",
       "      <td>0.633826</td>\n",
       "    </tr>\n",
       "    <tr>\n",
       "      <th>pagerank</th>\n",
       "      <td>0.366174</td>\n",
       "      <td>0.356322</td>\n",
       "      <td>0.349754</td>\n",
       "      <td>0.683087</td>\n",
       "      <td>0.633826</td>\n",
       "      <td>1.000000</td>\n",
       "    </tr>\n",
       "  </tbody>\n",
       "</table>\n",
       "</div>"
      ],
      "text/plain": [
       "                 D    2stepD        CD    degree   h-index  pagerank\n",
       "D         1.000000  0.970443  0.954023  0.195402  0.188834  0.366174\n",
       "2stepD    0.970443  1.000000  0.963875  0.198686  0.172414  0.356322\n",
       "CD        0.954023  0.963875  1.000000  0.183908  0.172414  0.349754\n",
       "degree    0.195402  0.198686  0.183908  1.000000  0.753695  0.683087\n",
       "h-index   0.188834  0.172414  0.172414  0.753695  1.000000  0.633826\n",
       "pagerank  0.366174  0.356322  0.349754  0.683087  0.633826  1.000000"
      ]
     },
     "execution_count": 17,
     "metadata": {},
     "output_type": "execute_result"
    }
   ],
   "source": [
    "t30 = int(np.ceil(len(ff)*0.3))\n",
    "\n",
    "D = ff.sort_values('D',ascending = False).index[:t30]\n",
    "D2 = ff.sort_values('2stepD',ascending = False).index[:t30]\n",
    "CD = ff.sort_values('CD',ascending = False).index[:t30]\n",
    "degree = ff.sort_values('degree',ascending = False).index[:t30]\n",
    "hindex = ff.sort_values('h-index',ascending = False).index[:t30]\n",
    "pagerank = ff.sort_values('pagerank',ascending = False).index[:t30]\n",
    "\n",
    "def cal_overlap(D,G):\n",
    "    x = 0\n",
    "    for i in D:\n",
    "        if i in G:\n",
    "            x += 1\n",
    "    return x/len(D)\n",
    "\n",
    "matrix = np.zeros([6,6])\n",
    "lst = [D,D2,CD,degree,hindex,pagerank]\n",
    "\n",
    "for i in range(6):\n",
    "    for j in range(6):\n",
    "        matrix[i,j]=cal_overlap(lst[i],lst[j])\n",
    "\n",
    "f1 =pd.DataFrame(matrix , columns=ff.columns, index=ff.columns)\n",
    "f1"
   ]
  },
  {
   "cell_type": "code",
   "execution_count": 18,
   "id": "8be01a3e",
   "metadata": {},
   "outputs": [],
   "source": [
    "f1.to_csv(r'E:\\netData\\complexNetdataset\\bubbleMatrixData\\Emailstopp30.csv')"
   ]
  },
  {
   "cell_type": "markdown",
   "id": "7ea74a66",
   "metadata": {},
   "source": [
    "# WIKI"
   ]
  },
  {
   "cell_type": "code",
   "execution_count": 19,
   "id": "8e5ae29d",
   "metadata": {},
   "outputs": [],
   "source": [
    "path2 = r'E:\\netData\\complexNetdataset\\Wiki-data.csv'\n",
    "df = pd.read_csv(path2)"
   ]
  },
  {
   "cell_type": "code",
   "execution_count": 20,
   "id": "40c331a7",
   "metadata": {},
   "outputs": [],
   "source": [
    "ff = df[['D', '2stepD','CD','degree','h-index','pagerank']]\n",
    "ff.index = range(len(ff))"
   ]
  },
  {
   "cell_type": "markdown",
   "id": "8c653843",
   "metadata": {},
   "source": [
    "# top10%"
   ]
  },
  {
   "cell_type": "code",
   "execution_count": 21,
   "id": "876e4af3",
   "metadata": {},
   "outputs": [
    {
     "data": {
      "text/html": [
       "<div>\n",
       "<style scoped>\n",
       "    .dataframe tbody tr th:only-of-type {\n",
       "        vertical-align: middle;\n",
       "    }\n",
       "\n",
       "    .dataframe tbody tr th {\n",
       "        vertical-align: top;\n",
       "    }\n",
       "\n",
       "    .dataframe thead th {\n",
       "        text-align: right;\n",
       "    }\n",
       "</style>\n",
       "<table border=\"1\" class=\"dataframe\">\n",
       "  <thead>\n",
       "    <tr style=\"text-align: right;\">\n",
       "      <th></th>\n",
       "      <th>D</th>\n",
       "      <th>2stepD</th>\n",
       "      <th>CD</th>\n",
       "      <th>degree</th>\n",
       "      <th>h-index</th>\n",
       "      <th>pagerank</th>\n",
       "    </tr>\n",
       "  </thead>\n",
       "  <tbody>\n",
       "    <tr>\n",
       "      <th>D</th>\n",
       "      <td>1.0</td>\n",
       "      <td>1.0</td>\n",
       "      <td>1.0</td>\n",
       "      <td>0.000000</td>\n",
       "      <td>0.000000</td>\n",
       "      <td>0.000000</td>\n",
       "    </tr>\n",
       "    <tr>\n",
       "      <th>2stepD</th>\n",
       "      <td>1.0</td>\n",
       "      <td>1.0</td>\n",
       "      <td>1.0</td>\n",
       "      <td>0.000000</td>\n",
       "      <td>0.000000</td>\n",
       "      <td>0.000000</td>\n",
       "    </tr>\n",
       "    <tr>\n",
       "      <th>CD</th>\n",
       "      <td>1.0</td>\n",
       "      <td>1.0</td>\n",
       "      <td>1.0</td>\n",
       "      <td>0.000000</td>\n",
       "      <td>0.000000</td>\n",
       "      <td>0.000000</td>\n",
       "    </tr>\n",
       "    <tr>\n",
       "      <th>degree</th>\n",
       "      <td>0.0</td>\n",
       "      <td>0.0</td>\n",
       "      <td>0.0</td>\n",
       "      <td>1.000000</td>\n",
       "      <td>0.798319</td>\n",
       "      <td>0.369748</td>\n",
       "    </tr>\n",
       "    <tr>\n",
       "      <th>h-index</th>\n",
       "      <td>0.0</td>\n",
       "      <td>0.0</td>\n",
       "      <td>0.0</td>\n",
       "      <td>0.798319</td>\n",
       "      <td>1.000000</td>\n",
       "      <td>0.336134</td>\n",
       "    </tr>\n",
       "    <tr>\n",
       "      <th>pagerank</th>\n",
       "      <td>0.0</td>\n",
       "      <td>0.0</td>\n",
       "      <td>0.0</td>\n",
       "      <td>0.369748</td>\n",
       "      <td>0.336134</td>\n",
       "      <td>1.000000</td>\n",
       "    </tr>\n",
       "  </tbody>\n",
       "</table>\n",
       "</div>"
      ],
      "text/plain": [
       "            D  2stepD   CD    degree   h-index  pagerank\n",
       "D         1.0     1.0  1.0  0.000000  0.000000  0.000000\n",
       "2stepD    1.0     1.0  1.0  0.000000  0.000000  0.000000\n",
       "CD        1.0     1.0  1.0  0.000000  0.000000  0.000000\n",
       "degree    0.0     0.0  0.0  1.000000  0.798319  0.369748\n",
       "h-index   0.0     0.0  0.0  0.798319  1.000000  0.336134\n",
       "pagerank  0.0     0.0  0.0  0.369748  0.336134  1.000000"
      ]
     },
     "execution_count": 21,
     "metadata": {},
     "output_type": "execute_result"
    }
   ],
   "source": [
    "t10 = int(np.ceil(len(ff)*0.1))\n",
    "\n",
    "D = ff.sort_values('D',ascending = False).index[:t10]\n",
    "D2 = ff.sort_values('2stepD',ascending = False).index[:t10]\n",
    "CD = ff.sort_values('CD',ascending = False).index[:t10]\n",
    "degree = ff.sort_values('degree',ascending = False).index[:t10]\n",
    "hindex = ff.sort_values('h-index',ascending = False).index[:t10]\n",
    "pagerank = ff.sort_values('pagerank',ascending = False).index[:t10]\n",
    "\n",
    "# sorted(ff['DIO'].values)[734:]\n",
    "def cal_overlap(D,G):\n",
    "    x = 0\n",
    "    for i in D:\n",
    "        if i in G:\n",
    "            x += 1\n",
    "    return x/len(D)\n",
    "\n",
    "matrix = np.zeros([6,6])\n",
    "lst = [D,D2,CD,degree,hindex,pagerank]\n",
    "\n",
    "for i in range(6):\n",
    "    for j in range(6):\n",
    "        matrix[i,j]=cal_overlap(lst[i],lst[j])\n",
    "\n",
    "f1 =pd.DataFrame(matrix , columns=ff.columns, index=ff.columns)\n",
    "\n",
    "f1"
   ]
  },
  {
   "cell_type": "code",
   "execution_count": 22,
   "id": "8ade5627",
   "metadata": {},
   "outputs": [],
   "source": [
    "f1.to_csv(r'E:\\netData\\complexNetdataset\\bubbleMatrixData\\Wikitopp10.csv')"
   ]
  },
  {
   "cell_type": "code",
   "execution_count": 23,
   "id": "c29f78b0",
   "metadata": {},
   "outputs": [
    {
     "data": {
      "text/html": [
       "<div>\n",
       "<style scoped>\n",
       "    .dataframe tbody tr th:only-of-type {\n",
       "        vertical-align: middle;\n",
       "    }\n",
       "\n",
       "    .dataframe tbody tr th {\n",
       "        vertical-align: top;\n",
       "    }\n",
       "\n",
       "    .dataframe thead th {\n",
       "        text-align: right;\n",
       "    }\n",
       "</style>\n",
       "<table border=\"1\" class=\"dataframe\">\n",
       "  <thead>\n",
       "    <tr style=\"text-align: right;\">\n",
       "      <th></th>\n",
       "      <th>D</th>\n",
       "      <th>2stepD</th>\n",
       "      <th>CD</th>\n",
       "      <th>degree</th>\n",
       "      <th>h-index</th>\n",
       "      <th>pagerank</th>\n",
       "    </tr>\n",
       "  </thead>\n",
       "  <tbody>\n",
       "    <tr>\n",
       "      <th>D</th>\n",
       "      <td>1.000000</td>\n",
       "      <td>1.000000</td>\n",
       "      <td>1.000000</td>\n",
       "      <td>0.073239</td>\n",
       "      <td>0.067606</td>\n",
       "      <td>0.000000</td>\n",
       "    </tr>\n",
       "    <tr>\n",
       "      <th>2stepD</th>\n",
       "      <td>1.000000</td>\n",
       "      <td>1.000000</td>\n",
       "      <td>1.000000</td>\n",
       "      <td>0.073239</td>\n",
       "      <td>0.067606</td>\n",
       "      <td>0.000000</td>\n",
       "    </tr>\n",
       "    <tr>\n",
       "      <th>CD</th>\n",
       "      <td>1.000000</td>\n",
       "      <td>1.000000</td>\n",
       "      <td>1.000000</td>\n",
       "      <td>0.073239</td>\n",
       "      <td>0.067606</td>\n",
       "      <td>0.000000</td>\n",
       "    </tr>\n",
       "    <tr>\n",
       "      <th>degree</th>\n",
       "      <td>0.073239</td>\n",
       "      <td>0.073239</td>\n",
       "      <td>0.073239</td>\n",
       "      <td>1.000000</td>\n",
       "      <td>0.785915</td>\n",
       "      <td>0.574648</td>\n",
       "    </tr>\n",
       "    <tr>\n",
       "      <th>h-index</th>\n",
       "      <td>0.067606</td>\n",
       "      <td>0.067606</td>\n",
       "      <td>0.067606</td>\n",
       "      <td>0.785915</td>\n",
       "      <td>1.000000</td>\n",
       "      <td>0.428169</td>\n",
       "    </tr>\n",
       "    <tr>\n",
       "      <th>pagerank</th>\n",
       "      <td>0.000000</td>\n",
       "      <td>0.000000</td>\n",
       "      <td>0.000000</td>\n",
       "      <td>0.574648</td>\n",
       "      <td>0.428169</td>\n",
       "      <td>1.000000</td>\n",
       "    </tr>\n",
       "  </tbody>\n",
       "</table>\n",
       "</div>"
      ],
      "text/plain": [
       "                 D    2stepD        CD    degree   h-index  pagerank\n",
       "D         1.000000  1.000000  1.000000  0.073239  0.067606  0.000000\n",
       "2stepD    1.000000  1.000000  1.000000  0.073239  0.067606  0.000000\n",
       "CD        1.000000  1.000000  1.000000  0.073239  0.067606  0.000000\n",
       "degree    0.073239  0.073239  0.073239  1.000000  0.785915  0.574648\n",
       "h-index   0.067606  0.067606  0.067606  0.785915  1.000000  0.428169\n",
       "pagerank  0.000000  0.000000  0.000000  0.574648  0.428169  1.000000"
      ]
     },
     "execution_count": 23,
     "metadata": {},
     "output_type": "execute_result"
    }
   ],
   "source": [
    "t30 = int(np.ceil(len(ff)*0.3))\n",
    "\n",
    "D = ff.sort_values('D',ascending = False).index[:t30]\n",
    "D2 = ff.sort_values('2stepD',ascending = False).index[:t30]\n",
    "CD = ff.sort_values('CD',ascending = False).index[:t30]\n",
    "degree = ff.sort_values('degree',ascending = False).index[:t30]\n",
    "hindex = ff.sort_values('h-index',ascending = False).index[:t30]\n",
    "pagerank = ff.sort_values('pagerank',ascending = False).index[:t30]\n",
    "\n",
    "def cal_overlap(D,G):\n",
    "    x = 0\n",
    "    for i in D:\n",
    "        if i in G:\n",
    "            x += 1\n",
    "    return x/len(D)\n",
    "\n",
    "matrix = np.zeros([6,6])\n",
    "lst = [D,D2,CD,degree,hindex,pagerank]\n",
    "\n",
    "for i in range(6):\n",
    "    for j in range(6):\n",
    "        matrix[i,j]=cal_overlap(lst[i],lst[j])\n",
    "\n",
    "f1 =pd.DataFrame(matrix , columns=ff.columns, index=ff.columns)\n",
    "f1"
   ]
  },
  {
   "cell_type": "code",
   "execution_count": 24,
   "id": "b82b3387",
   "metadata": {},
   "outputs": [],
   "source": [
    "f1.to_csv(r'E:\\netData\\complexNetdataset\\bubbleMatrixData\\Wikitopp30.csv')"
   ]
  },
  {
   "cell_type": "code",
   "execution_count": null,
   "id": "1d8b65ed",
   "metadata": {},
   "outputs": [],
   "source": []
  }
 ],
 "metadata": {
  "kernelspec": {
   "display_name": "Python 3 (ipykernel)",
   "language": "python",
   "name": "python3"
  },
  "language_info": {
   "codemirror_mode": {
    "name": "ipython",
    "version": 3
   },
   "file_extension": ".py",
   "mimetype": "text/x-python",
   "name": "python",
   "nbconvert_exporter": "python",
   "pygments_lexer": "ipython3",
   "version": "3.9.12"
  }
 },
 "nbformat": 4,
 "nbformat_minor": 5
}
